5545368952645580
377692405720086
4225461880464636
349817028542824
342011081800637
347480086729874
5192833737934050
349883975657791
5454660225458463
4532781916618709
374320292130267
343182238561452
4539609738872332
345814471182012
375231498734340
5290324523523498
4929784934926360
4556255825539026
4716321941346097
5542381780987861
4485781243808731
374367476775557
377607700313882
343386227869343
340070979960368
349469181553071
5165981208641218
4929940628036086
4024007174992098
4929758101696436
4716485524324282
4485272447114688
4409014336469648
5417032482672804
4716422329558319
345898783808059
4934313921440632
4024007149703349
5303081595961056
5288244858014315
4929487227261764
5165388458661666
5119332577233756
5196415413396865
374223612700175
5196406898852589
4556703940635435
5199500595762070
375374688502893
349007450102590
4916306295758524
5361370662857043
5577007704153029
4539311003064188
5238632787141764
340068545310480
5431920624370463
5143514000319357
4929895361322327
378074127545225
377248301580171
373732923981168
378030968145012
5402201054381394
371584449900277
349277610225017
5274798552178201
4716917594640734
375854761961017
377456165574681
4539736349302746
378109118858888
5331890631575357
5472727826973212
5181843027129157
5426090667276527
379732884874729
5230567088578058
5207406272614149
5481619312172368
345162408859926
4024007123208224
376268837486702
4556984693918836
5539463984048206
5189793025592835
4929170643264063
4485641699700099
4532141600320528
4929450947038359
349530369630674
371946606220569
4916790537747322
340418045367995
374714328022300
5436895183294277
4929728079662264
4716869916333557
5447192330812483
374502977699795
5369658482086732
5517308146085206
344124470758684
4539086517467859
4929423896977174
5108697842717343
5461999939848960
374146024631219
5478328269260722
5582855966232201
5293498001379222
4539730982462222
5421273120875201
372973671052122
4934190018549669
4033247531994465
4024007134728137
5202607945459045
5391301696627734
4532327561776135
346714478625410
5446203852214080
346227551526496
378788955682046
4716014568335390
378069220445331
372029998532765
343815579751048
5282704007135200
345922034936848
4716197335815230
5116214697701768
341671634489179
4605309745295754
372717854484820
347791640194045
5285986447676524
349137017147000
373727978435441
374425890975235
4556667903920516
5500518228015678
346195445464366
374218634927608
374049004767930
4485302017776341
4556525730244890
4929168017452835
371465478940576
4539811732424173
5473872915055866
343399782879912
5392462344784209
5466617605646808
344313418804938
4485162388483657
375108631825575
376285515125907
376281397560121
4024007138619050
4485022519986517
348457987201392
5437348036297443
340438315815598
5176070613657873
5466353321774514
4716689347758135
372564748608622
4929359789362803
5519656731280998
5260255637977079
375596775731734
4485947863284665
5387873790915252
5163997194637558
4485607442490791
5215050395077741
5110542048707183
341434064696114
349141791467881
4532483561867554
5124188137085877
344341156263546
5486830260427804
4716521745599615
4716453455051894
5457733814353754
5579598081548441
374254872152989
372472922366886
349667714505316
5359745350170565
4556751282449204
376902232141641
5208224412869641
340286527231751
370038558669117
5302990508580699
5546134011211171
340202340390260
377467950244299
5362146512702160
4556150056243226
344380214070501
5509982806283556
372716221299499
5101140191312827
5279462228311895
5520463365693886
4556589759806351
373141617006433
5590716566793457
4532071792767816
5527266574166955
5128561735440155
345003356020485
4485854693513943
5153941041912428
341585819351451
343038300065477
5553211087175595
4556907896509409
4532884723979379
4716443747211273
5523704967147871
347260893585226
4024007183443810
342113918160738
343982787491526
4556968256235605
4539357857658286
372373173146680
4485074550243449
374776128503003
4556472527930433
343340806866386
4682971886610715
4539342190582609
377882727484913
4485366690130027
4556066853426188
370120495588780
4201971502264477
346868327834183
373419837985960
4716002825757696
343986993309687
5230690016296237
346407509579348
4929754248474548
5332062872048317
4532786867150636
5408238562914013
4929238512478153
4024007193715421
4899067431160840
5210594550424516
5224141552623598
4539128869183047
5359447202834569
4804024991431826
374600716778118
5541981505092771
377460858269526
4929007375394157
5544700944898078
349939450651244
342289483902355
4929740140096026
346076010044488
4532102864324077
4485992039471788
379207633030337